Country,Cropland Footprint,Grazing Footprint,Forest Footprint,Carbon Footprint,Fish Footprint,Total Ecological Footprint,Cropland,Grazing Land,Forest Land,Fishing Water,Urban Land,Total Biocapacity,Biocapacity Deficit or Reserve,Earths Required
Moldova,0.43,0.08,0.15,1.03,0.06,1.78,0.59,0.07,0.1,0.01,0.03,0.8,-0.98,1.03
Gabon,0.53,0.13,0.79,0.43,0.11,2.02,0.25,3.6,19.5,2.93,0.03,26.31,24.29,1.16
Kyrgyzstan,0.59,0.18,0.09,0.95,0.01,1.91,0.47,0.63,0.06,0.05,0.08,1.3,-0.61,1.1
Bangladesh,0.29,0,0.08,0.26,0.02,0.72,0.25,0,0,0.05,0.07,0.38,-0.35,0.42
Romania,0.72,0.05,0.33,1.46,0.03,2.71,0.87,0.11,1.14,0.08,0.12,2.32,-0.39,1.56
Afghanistan,0.3,0.2,0.08,0.18,0,0.79,0.24,0.2,0.02,0,0.04,0.5,-0.3,0.46
Slovakia,0.31,0.08,0.72,2.82,0.03,4.06,0.71,0.06,1.85,0,0.09,2.71,-1.35,2.35
Morocco,0.6,0.17,0.14,0.67,0.06,1.68,0.34,0.17,0.1,0.07,0.03,0.71,-0.96,0.97
South Africa,0.44,0.11,0.29,2.34,0.08,3.31,0.35,0.58,0.02,0.17,0.04,1.15,-2.16,1.91
Lithuania,1.89,0.21,1.28,2.15,0.16,5.83,3.03,0.11,2.09,0.3,0.15,5.67,-0.17,3.37
Netherlands,0.76,0.58,0.38,3.23,0.16,5.28,0.45,0.04,0.08,0.43,0.17,1.17,-4.11,3.05
Iraq,0.43,0.03,0.01,1.36,0.01,1.88,0.18,0.02,0.05,0,0.04,0.29,-1.59,1.09
Pakistan,0.27,0.01,0.08,0.38,0.02,0.79,0.26,0,0.01,0.04,0.03,0.35,-0.44,0.46
New Zealand,0.63,0.23,1.08,2.84,0.7,5.6,0.51,2.7,5.95,0.86,0.13,10.14,4.54,3.23
Azerbaijan,0.66,0.22,0.11,1.25,0.01,2.31,0.46,0.2,0.11,0.02,0.06,0.85,-1.46,1.33
Haiti,0.27,0.04,0.1,0.15,0.01,0.61,0.18,0.03,0.01,0.01,0.03,0.27,-0.34,0.35
Australia,2.68,0.63,0.89,4.85,0.11,9.31,5.42,5.81,2.01,3.19,0.14,16.57,7.26,5.37
Bosnia and Herzegovina,0.63,0.27,0.44,1.74,0.02,3.12,0.3,0.19,1.13,0,0.02,1.63,-1.49,1.8
Honduras,0.28,0.25,0.5,0.6,0,1.68,0.33,0.26,0.89,0.23,0.06,1.77,0.09,0.97
Israel,0.89,0.22,0.36,4.59,0.07,6.22,0.22,0.01,0.03,0.02,0.08,0.35,-5.87,3.59
Spain,0.78,0.15,0.17,2.22,0.32,3.67,0.72,0.1,0.34,0.06,0.04,1.25,-2.42,2.12
Indonesia,0.44,0.03,0.2,0.64,0.21,1.58,0.46,0.06,0.3,0.38,0.06,1.26,-0.32,0.91
Namibia,0.33,0.23,0.17,1.02,0.72,2.48,0.14,1.6,0.36,4.76,0.02,6.88,4.4,1.43
Rwanda,0.43,0.05,0.25,0.07,0.01,0.87,0.42,0.05,0.01,0.01,0.05,0.54,-0.32,0.5
Austria,0.82,0.27,0.63,4.14,0.06,6.06,0.71,0.16,2.04,0,0.15,3.07,-3,3.5
Trinidad and Tobago,0.46,0.19,0.27,6.89,0.11,7.92,0.04,0.01,0.15,1.37,0,1.56,-6.36,4.57
Gambia,0.46,0.05,0.2,0.21,0.08,1.03,0.23,0.04,0.2,0.32,0.03,0.82,-0.21,0.6
Saint Kitts and Nevis,0.51,0.18,0.09,3.34,0.81,4.94,0.06,0.01,0.17,0.38,0,0.62,-4.31,2.85
Timor-Leste,0.25,0.07,0.04,0.06,0.02,0.48,0.21,0.06,0.52,0.94,0.04,1.78,1.3,0.28
Eritrea,0.1,0.18,0.06,0.03,0.01,0.42,0.07,0.18,0.09,0.93,0.02,1.3,0.88,0.24
Libyan Arab Jamahiriya,0.79,0.32,0.14,2.33,0.1,3.69,0.17,0.23,0.02,0.25,0.02,0.7,-3,2.13
Solomon Islands,0.47,0.03,0.09,0,0.46,1.29,0.66,0.01,2.28,1.19,0.23,4.36,3.08,0.74
Zimbabwe,0.2,0.32,0.29,0.53,0.01,1.37,0.15,0.32,0.12,0.01,0.02,0.62,-0.75,0.79
Russian Federation,0.77,0.15,0.67,3.87,0.19,5.69,0.85,0.34,4.38,1.19,0.03,6.79,1.1,3.29
Myanmar,0.8,0.01,0.32,0.09,0.1,1.43,0.88,0,0.56,0.28,0.11,1.84,0.41,0.83
Armenia,0.74,0.18,0.34,0.89,0.01,2.23,0.44,0.26,0.1,0.02,0.07,0.89,-1.35,1.29
Bahamas,0.97,1.05,0.19,4.46,0.14,6.84,0.05,0,1.18,8.27,0.04,9.55,2.71,3.95
Viet Nam,0.5,0.01,0.19,0.79,0.05,1.65,0.55,0.01,0.17,0.16,0.1,1,-0.65,0.95
Canada,1.46,0.33,1.2,5,0.12,8.17,3.11,0.29,9.12,3.41,0.07,16.01,7.83,4.72
China,0.55,0.13,0.19,2.32,0.08,3.38,0.46,0.1,0.22,0.04,0.12,0.94,-2.44,1.95
United States of America,1.13,0.3,0.67,5.9,0.12,8.22,1.49,0.28,1.57,0.33,0.09,3.76,-4.46,4.75
Burundi,0.21,0.07,0.45,0.04,0,0.8,0.2,0.07,0.01,0.01,0.03,0.32,-0.48,0.46
Swaziland,0.35,0.41,0.52,0.67,0.01,2.01,0.25,0.51,0.05,0,0.06,0.88,-1.14,1.16
Mozambique,0.31,0.03,0.29,0.17,0.03,0.87,0.28,0.96,0.61,0.17,0.05,2.06,1.19,0.5
Philippines,0.36,0.03,0.09,0.34,0.23,1.1,0.32,0.02,0.09,0.07,0.05,0.54,-0.56,0.64
Georgia,0.39,0.2,0.1,0.83,0.02,1.58,0.12,0.36,0.61,0.05,0.04,1.17,-0.41,0.91
Italy,0.91,0.32,0.42,2.77,0.12,4.61,0.58,0.04,0.33,0.06,0.06,1.08,-3.53,2.66
Papua New Guinea,0.3,0.05,0.36,0.35,0.73,1.91,0.36,0.04,2.66,0.73,0.13,3.92,2.01,1.1
Comoros,0.33,0.03,0.18,0.25,0.25,1.03,0.23,0.01,0.02,0.07,0,0.32,-0.7,0.59
Angola,0.33,0.15,0.12,0.2,0.09,0.93,0.2,1.42,0.64,0.26,0.04,2.55,1.61,0.54
Tonga,1.19,0.32,0.14,0.88,0.18,2.7,0.83,0.02,0.11,0.52,0,1.48,-1.22,1.56
Algeria,0.6,0.16,0.17,1.14,0.01,2.12,0.24,0.27,0.03,0.01,0.03,0.59,-1.53,1.22
Fiji,0.55,0.2,0.42,1.06,0.62,2.9,0.28,0.09,1.3,0.65,0.04,2.37,-0.52,1.67
Montenegro,0.64,0.33,0.62,2.13,0.05,3.78,0.14,0.22,2.63,0.24,0.01,3.24,-0.54,2.19
Bhutan,0.5,0.42,3.03,0.63,0.02,4.84,0.28,0.34,4.38,0.01,0.25,5.27,0.43,2.8
Oman,0.57,0.4,0.15,5.8,0.4,7.52,0.07,0.04,0,1.61,0.19,1.92,-5.6,4.34
Kenya,0.25,0.23,0.27,0.2,0.05,1.03,0.2,0.24,0.02,0.02,0.04,0.51,-0.52,0.6
Lesotho,0.22,0.49,0.42,0.51,0,1.66,0.04,0.74,0,0,0.01,0.78,-0.87,0.96
Belgium,1.15,0.48,0.99,4.43,0.12,7.44,0.56,0.03,0.28,0.04,0.27,1.19,-6.25,4.3
Sao Tome and Principe,0.36,0.02,0.27,0.37,0.47,1.49,0.25,0,0.22,0.4,0,0.87,-0.61,0.86
Equatorial Guinea,0.27,0.02,0.26,3.17,0.22,3.97,0.13,0.15,3.1,1.01,0.02,4.4,0.44,2.29
Niger,0.67,0.48,0.26,0.1,0.02,1.56,0.65,0.51,0.05,0,0.03,1.24,-0.32,0.9
Bahrain,0.52,0.45,0.16,6.19,0.07,7.49,0.01,0,0,0.46,0.1,0.58,-6.91,4.33
Zambia,0.19,0.18,0.33,0.24,0.01,0.99,0.24,0.94,0.99,0.02,0.04,2.23,1.24,0.57
Mali,0.52,0.66,0.17,0.1,0.03,1.53,0.51,0.71,0.25,0.05,0.06,1.58,0.05,0.88
Sweden,1.47,0.27,1.3,3.88,0.09,7.25,1.31,0.22,6.66,2.19,0.24,10.62,3.38,4.19
Lao People's Democratic Republic,0.57,0.08,0.36,0.09,0.01,1.22,0.57,0.13,0.78,0.03,0.11,1.62,0.4,0.7
Cameroon,0.54,0.1,0.21,0.19,0.08,1.17,0.55,0.1,0.92,0.08,0.05,1.69,0.52,0.68
Saint Lucia,0.38,0.1,0.17,1.56,0.23,2.45,0.1,0,0.1,0.14,0,0.34,-2.1,1.41
"Tanzania, United Republic of",0.44,0.34,0.23,0.17,0.09,1.32,0.46,0.34,0.17,0.06,0.06,1.08,-0.24,0.76
Slovenia,0.64,0.17,0.65,4.27,0.05,5.81,0.37,0.07,1.87,0,0.04,2.35,-3.47,3.36
Costa Rica,0.4,0.21,0.68,1.37,0.08,2.84,0.38,0.3,0.63,0.12,0.1,1.53,-1.31,1.64
Ireland,1.08,0.49,0.46,3.22,0.18,5.57,0.84,0.76,0.5,1.49,0.13,3.73,-1.83,3.21
Senegal,0.34,0.21,0.21,0.3,0.12,1.21,0.21,0.17,0.46,0.17,0.02,1.05,-0.16,0.7
Ecuador,0.3,0.3,0.24,1.08,0.18,2.17,0.32,0.3,1.41,0.11,0.06,2.2,0.03,1.25
Mauritania,0.39,1.2,0.21,0.55,0.15,2.54,0.1,2.91,0.05,1.38,0.04,4.48,1.93,1.47
Mongolia,0.29,3.47,0.17,2.09,0,6.08,0.21,8.23,7.03,0.14,0.05,15.66,9.58,3.51
Sri Lanka,0.31,0.01,0.16,0.52,0.27,1.32,0.26,0.02,0.04,0.07,0.05,0.44,-0.88,0.77
Greece,1.07,0.35,0.24,2.58,0.08,4.38,1.01,0.14,0.23,0.17,0.06,1.61,-2.77,2.53
Malaysia,0.67,0.12,0.38,2.1,0.36,3.71,0.75,0.01,0.73,0.84,0.07,2.41,-1.3,2.14
Peru,0.5,0.51,0.19,0.67,0.33,2.28,0.36,0.51,2.82,0.2,0.07,3.97,1.69,1.32
Kuwait,0.55,0.24,0.21,6.89,0.09,8.13,0.02,0.01,0,0.37,0.15,0.55,-7.58,4.7
Samoa,0.97,0.16,0.27,0.96,0.42,2.77,0.69,0.01,1.17,0.06,0,1.93,-0.85,1.6
Egypt,0.68,0.08,0.17,1.02,0.04,2.15,0.38,0,0,0.02,0.15,0.56,-1.59,1.24
France,1.23,0.27,0.53,2.71,0.19,5.14,1.67,0.16,0.96,0.11,0.21,3.11,-2.04,2.97
Brazil,0.62,0.85,0.6,0.91,0.04,3.11,1,1,6.82,0.17,0.09,9.08,5.97,1.8
United Arab Emirates,0.8,0.19,0.38,6.37,0.19,7.93,0.02,0,0.07,0.47,0,0.56,-7.37,4.58
Guinea-Bissau,0.35,0.36,0.67,0.09,0.01,1.53,0.48,0.36,0.34,1.79,0.06,3.03,1.49,0.89
Panama,0.36,0.4,0.19,1.44,0.37,2.79,0.14,0.43,1.74,0.6,0.02,2.94,0.15,1.61
Barbados,0.56,0.24,0.14,3.28,0.22,4.48,0.08,0,0.02,0.04,0.04,0.19,-4.29,2.58
Czech Republic,0.62,0.24,0.74,3.42,0.03,5.19,0.94,0.07,1.31,0,0.13,2.46,-2.73,3
Japan,0.53,0.1,0.27,3.69,0.33,5.02,0.16,0,0.35,0.1,0.1,0.72,-4.3,2.9
Poland,0.84,0.04,0.78,2.64,0.05,4.44,1.05,0.07,0.77,0.11,0.09,2.08,-2.36,2.57
Brunei Darussalam,0.31,0.13,0.26,3.24,0.09,4.06,0.02,0.01,1.57,1.24,0.03,2.87,-1.19,2.34
Guinea,0.39,0.32,0.45,0.16,0.05,1.41,0.35,0.75,0.64,0.3,0.04,2.09,0.68,0.81
Luxembourg,1.1,0.76,1.03,12.65,0.13,15.82,0.57,0.08,0.89,0,0.14,1.68,-14.14,9.14
Mexico,0.55,0.24,0.25,1.74,0.06,2.89,0.37,0.24,0.47,0.14,0.05,1.27,-1.62,1.67
Benin,0.49,0.04,0.26,0.51,0.08,1.41,0.44,0.04,0.34,0.02,0.04,0.88,-0.53,0.81
Cuba,0.48,0.11,0.09,1.23,0.02,1.95,0.26,0.09,0.23,0.16,0.03,0.76,-1.19,1.13
Bulgaria,0.6,0.13,0.35,2.08,0.03,3.32,1.33,0.08,1.2,0.12,0.13,2.86,-0.46,1.92
